afmhotr_colors <- c('#FCF6BD', '#F9F198', '#FFF073', '#FECC50', '#F6A32C', '#F0801A', '#DD5D12', '#B83917', '#6C150E', '#430F11', '#1D0809', '#000000')
bwr_colors <- c('#1659b1', '#47a9c2', '#ffffff', '#F0801A', '#6C150E')
